1 0 0 0 0 0 0 0 0 0 0 0 0 0 0 0 0 0 0 0 0 0 0 0 0 0 0 26 22 52 25 1 12 22 27 4 39 12 6 44 9 49 18 36 38 32 51 14 38 44 51 11 17 15 
0 1 0 0 0 0 0 0 0 0 0 0 0 0 0 0 0 0 0 0 0 0 0 0 0 0 0 40 26 15 48 30 47 44 51 34 40 43 32 39 5 50 18 35 8 48 36 31 46 21 52 23 19 2 
0 0 1 0 0 0 0 0 0 0 0 0 0 0 0 0 0 0 0 0 0 0 0 0 0 0 0 43 12 6 27 43 48 21 50 10 52 32 4 24 21 38 10 15 7 0 48 40 6 6 4 5 34 42 
0 0 0 1 0 0 0 0 0 0 0 0 0 0 0 0 0 0 0 0 0 0 0 0 0 0 0 1 49 4 35 46 10 46 40 22 5 42 14 7 21 15 32 51 15 38 46 48 6 17 4 28 47 19 
0 0 0 0 1 0 0 0 0 0 0 0 0 0 0 0 0 0 0 0 0 0 0 0 0 0 0 16 1 47 5 36 11 34 33 0 48 50 43 28 30 35 32 13 37 24 41 43 22 21 52 32 38 31 
0 0 0 0 0 1 0 0 0 0 0 0 0 0 0 0 0 0 0 0 0 0 0 0 0 0 0 42 17 51 11 35 31 25 19 35 6 5 13 18 51 24 30 22 35 25 20 44 35 30 3 24 49 9 
0 0 0 0 0 0 1 0 0 0 0 0 0 0 0 0 0 0 0 0 0 0 0 0 0 0 0 45 25 8 3 19 39 21 41 48 36 42 0 15 49 25 26 23 47 46 35 44 5 1 0 41 24 8 
0 0 0 0 0 0 0 1 0 0 0 0 0 0 0 0 0 0 0 0 0 0 0 0 0 0 0 41 7 40 11 36 21 10 47 23 24 23 16 16 52 14 21 40 4 6 36 14 42 17 21 36 19 28 
0 0 0 0 0 0 0 0 1 0 0 0 0 0 0 0 0 0 0 0 0 0 0 0 0 0 0 10 8 16 36 52 19 0 44 22 52 12 19 25 44 10 30 13 50 32 52 23 18 27 20 45 0 3 
0 0 0 0 0 0 0 0 0 1 0 0 0 0 0 0 0 0 0 0 0 0 0 0 0 0 0 9 2 52 6 15 24 17 8 30 49 33 27 41 42 39 25 19 5 3 38 13 20 23 1 33 34 23 
0 0 0 0 0 0 0 0 0 0 1 0 0 0 0 0 0 0 0 0 0 0 0 0 0 0 0 3 12 23 45 4 6 17 32 21 29 46 2 52 25 29 18 45 5 50 36 40 25 39 28 45 18 26 
0 0 0 0 0 0 0 0 0 0 0 1 0 0 0 0 0 0 0 0 0 0 0 0 0 0 0 9 4 34 1 2 50 31 13 51 13 17 29 45 11 35 38 19 3 1 6 50 4 9 9 49 47 52 
0 0 0 0 0 0 0 0 0 0 0 0 1 0 0 0 0 0 0 0 0 0 0 0 0 0 0 13 35 25 45 29 19 10 14 7 27 12 5 36 7 51 14 41 50 7 11 30 32 2 24 34 27 41 
0 0 0 0 0 0 0 0 0 0 0 0 0 1 0 0 0 0 0 0 0 0 0 0 0 0 0 12 13 50 47 42 3 18 10 5 37 41 25 41 30 11 36 22 50 27 44 46 5 27 17 42 52 30 
0 0 0 0 0 0 0 0 0 0 0 0 0 0 1 0 0 0 0 0 0 0 0 0 0 0 0 2 28 19 40 3 19 45 12 19 3 17 13 29 13 9 0 19 2 5 29 4 0 43 25 27 33 32 
0 0 0 0 0 0 0 0 0 0 0 0 0 0 0 1 0 0 0 0 0 0 0 0 0 0 0 40 35 15 34 1 40 49 46 47 30 48 47 11 14 3 28 29 29 38 12 1 6 37 40 51 9 37 
0 0 0 0 0 0 0 0 0 0 0 0 0 0 0 0 1 0 0 0 0 0 0 0 0 0 0 36 25 9 10 12 52 31 30 10 2 41 1 24 43 35 36 49 46 1 23 27 2 0 16 26 32 20 
0 0 0 0 0 0 0 0 0 0 0 0 0 0 0 0 0 1 0 0 0 0 0 0 0 0 0 11 46 34 19 34 47 31 16 43 7 31 37 26 14 8 18 8 1 6 29 16 21 4 19 19 3 8 
0 0 0 0 0 0 0 0 0 0 0 0 0 0 0 0 0 0 1 0 0 0 0 0 0 0 0 6 50 49 15 9 21 37 10 37 31 34 52 22 35 7 35 45 13 23 34 4 3 46 32 51 20 27 
0 0 0 0 0 0 0 0 0 0 0 0 0 0 0 0 0 0 0 1 0 0 0 0 0 0 0 15 11 32 52 17 43 4 11 41 43 49 32 48 31 22 21 16 33 11 22 42 4 49 51 38 37 29 
0 0 0 0 0 0 0 0 0 0 0 0 0 0 0 0 0 0 0 0 1 0 0 0 0 0 0 24 12 4 46 45 45 12 10 34 4 33 49 18 44 29 44 29 0 8 49 20 3 26 49 23 40 32 
0 0 0 0 0 0 0 0 0 0 0 0 0 0 0 0 0 0 0 0 0 1 0 0 0 0 0 15 41 46 52 42 48 36 26 19 1 44 4 43 13 12 2 39 36 30 52 51 37 50 37 41 39 35 
0 0 0 0 0 0 0 0 0 0 0 0 0 0 0 0 0 0 0 0 0 0 1 0 0 0 0 23 23 4 40 43 19 36 30 23 38 35 50 30 4 50 7 12 0 3 38 3 7 21 9 49 26 14 
0 0 0 0 0 0 0 0 0 0 0 0 0 0 0 0 0 0 0 0 0 0 0 1 0 0 0 28 26 38 21 33 52 3 10 44 19 6 49 17 25 33 24 2 44 13 7 13 4 0 13 33 19 28 
0 0 0 0 0 0 0 0 0 0 0 0 0 0 0 0 0 0 0 0 0 0 0 0 1 0 0 1 19 49 30 48 13 18 50 10 14 52 19 18 15 4 36 5 37 44 35 25 27 37 15 44 36 38 
0 0 0 0 0 0 0 0 0 0 0 0 0 0 0 0 0 0 0 0 0 0 0 0 0 1 0 30 31 52 46 46 32 24 17 3 52 35 38 3 27 23 48 33 8 18 42 18 5 4 50 23 3 51 
0 0 0 0 0 0 0 0 0 0 0 0 0 0 0 0 0 0 0 0 0 0 0 0 0 0 1 17 19 8 23 2 40 6 37 26 24 30 37 0 18 50 46 39 23 0 27 21 43 41 34 28 46 52 
1 0 0 0 0 0 0 0 0 0 0 0 0 0 0 0 0 0 0 0 0 0 0 0 0 0 0 5 30 22 33 23 1 6 44 47 39 49 12 44 29 16 24 38 37 4 9 29 46 30 2 42 14 45 
0 1 0 0 0 0 0 0 0 0 0 0 0 0 0 0 0 0 0 0 0 0 0 0 0 0 0 21 35 21 16 30 22 2 35 4 5 7 27 15 45 50 36 2 33 20 37 48 24 4 50 30 48 13 
0 0 1 0 0 0 0 0 0 0 0 0 0 0 0 0 0 0 0 0 0 0 0 0 0 0 0 40 4 37 39 37 7 9 36 48 21 40 39 10 10 29 2 37 32 51 7 32 36 1 44 23 20 46 
0 0 0 1 0 0 0 0 0 0 0 0 0 0 0 0 0 0 0 0 0 0 0 0 0 0 0 4 40 44 6 51 45 10 28 18 41 43 30 16 19 49 2 30 49 1 1 27 20 39 25 26 13 46 
0 0 0 0 1 0 0 0 0 0 0 0 0 0 0 0 0 0 0 0 0 0 0 0 0 0 0 10 52 49 3 48 7 37 16 33 43 0 18 20 47 11 9 3 29 22 15 11 42 33 5 35 47 39 
0 0 0 0 0 1 0 0 0 0 0 0 0 0 0 0 0 0 0 0 0 0 0 0 0 0 0 9 28 44 38 35 24 42 22 9 13 28 1 30 52 17 32 3 9 14 51 46 47 18 0 15 21 19 
0 0 0 0 0 0 1 0 0 0 0 0 0 0 0 0 0 0 0 0 0 0 0 0 0 0 0 6 23 34 6 24 16 37 42 21 26 39 8 32 50 33 17 7 47 12 40 28 13 39 36 36 19 48 
0 0 0 0 0 0 0 1 0 0 0 0 0 0 0 0 0 0 0 0 0 0 0 0 0 0 0 5 30 34 43 15 27 14 31 45 36 12 47 35 21 48 35 49 28 18 0 27 46 46 23 40 13 26 
0 0 0 0 0 0 0 0 1 0 0 0 0 0 0 0 0 0 0 0 0 0 0 0 0 0 0 26 8 50 37 15 19 27 42 24 46 24 1 40 46 48 52 42 34 42 42 22 22 9 21 17 44 39 
0 0 0 0 0 0 0 0 0 1 0 0 0 0 0 0 0 0 0 0 0 0 0 0 0 0 0 49 24 35 28 0 40 31 5 24 29 50 16 48 32 25 12 15 15 39 0 48 26 3 8 10 7 51 
0 0 0 0 0 0 0 0 0 0 1 0 0 0 0 0 0 0 0 0 0 0 0 0 0 0 0 30 42 28 1 8 30 47 34 6 40 31 39 35 49 25 29 46 19 6 3 2 34 50 37 3 47 30 
0 0 0 0 0 0 0 0 0 0 0 1 0 0 0 0 0 0 0 0 0 0 0 0 0 0 0 50 13 24 31 25 27 9 38 3 46 22 19 44 35 21 43 32 43 12 42 45 4 10 42 13 8 5 
0 0 0 0 0 0 0 0 0 0 0 0 1 0 0 0 0 0 0 0 0 0 0 0 0 0 0 16 3 22 17 35 17 22 21 39 34 4 7 6 16 8 26 42 16 49 42 39 46 8 22 49 32 6 
0 0 0 0 0 0 0 0 0 0 0 0 0 1 0 0 0 0 0 0 0 0 0 0 0 0 0 20 32 12 0 31 36 39 18 0 44 39 41 8 52 50 28 37 43 43 41 40 38 4 35 36 36 9 
0 0 0 0 0 0 0 0 0 0 0 0 0 0 1 0 0 0 0 0 0 0 0 0 0 0 0 47 39 26 31 19 41 50 16 44 38 47 6 26 31 3 43 32 28 32 0 29 27 51 15 36 19 41 
0 0 0 0 0 0 0 0 0 0 0 0 0 0 0 1 0 0 0 0 0 0 0 0 0 0 0 6 42 42 12 49 52 52 49 9 3 47 24 28 40 17 42 3 20 10 32 13 42 6 32 40 25 19 
0 0 0 0 0 0 0 0 0 0 0 0 0 0 0 0 1 0 0 0 0 0 0 0 0 0 0 51 45 50 15 7 32 41 46 32 11 50 11 7 26 31 41 31 0 21 52 29 29 48 46 44 18 38 
0 0 0 0 0 0 0 0 0 0 0 0 0 0 0 0 0 1 0 0 0 0 0 0 0 0 0 6 46 16 10 22 16 21 14 44 50 31 16 7 5 40 24 37 16 42 37 16 39 8 40 10 15 16 
0 0 0 0 0 0 0 0 0 0 0 0 0 0 0 0 0 0 1 0 0 0 0 0 0 0 0 38 10 31 52 22 12 24 51 6 34 32 26 5 2 13 32 26 35 7 11 19 0 44 17 44 28 13 
0 0 0 0 0 0 0 0 0 0 0 0 0 0 0 0 0 0 0 1 0 0 0 0 0 0 0 23 44 10 4 41 50 41 36 42 8 21 16 20 6 51 49 29 25 4 30 51 0 19 0 18 4 28 
0 0 0 0 0 0 0 0 0 0 0 0 0 0 0 0 0 0 0 0 1 0 0 0 0 0 0 0 22 0 26 8 8 31 3 31 25 52 52 24 3 38 25 3 42 16 13 42 16 23 50 6 46 29 
0 0 0 0 0 0 0 0 0 0 0 0 0 0 0 0 0 0 0 0 0 1 0 0 0 0 0 13 16 15 23 10 22 49 17 21 0 6 21 52 24 50 0 3 1 25 30 8 1 44 22 35 28 9 
0 0 0 0 0 0 0 0 0 0 0 0 0 0 0 0 0 0 0 0 0 0 1 0 0 0 0 42 0 33 39 25 14 7 45 17 21 17 13 38 43 25 7 18 40 39 17 31 46 22 45 10 27 31 
0 0 0 0 0 0 0 0 0 0 0 0 0 0 0 0 0 0 0 0 0 0 0 1 0 0 0 13 17 43 44 50 29 45 17 39 14 38 38 19 30 1 31 15 12 44 48 13 38 16 19 24 16 11 
0 0 0 0 0 0 0 0 0 0 0 0 0 0 0 0 0 0 0 0 0 0 0 0 1 0 0 10 11 18 34 48 40 1 24 29 18 21 4 41 25 39 14 28 45 16 41 4 29 28 3 0 10 17 
0 0 0 0 0 0 0 0 0 0 0 0 0 0 0 0 0 0 0 0 0 0 0 0 0 1 0 23 36 14 26 5 34 47 2 8 18 31 36 35 3 50 6 30 17 12 48 4 26 43 10 43 41 17 
0 0 0 0 0 0 0 0 0 0 0 0 0 0 0 0 0 0 0 0 0 0 0 0 0 0 1 25 14 46 1 36 18 34 51 28 23 44 50 12 19 23 29 21 45 3 46 32 5 44 34 11 37 7 
25 10 50 17 29 19 5 44 14 45 23 42 36 15 9 4 0 31 43 2 28 22 39 34 49 16 32 1 35 7 20 6 26 46 52 30 3 18 41 12 33 13 24 8 11 51 48 40 47 21 37 27 53 38 
41 34 31 29 37 10 17 31 31 42 30 50 8 17 12 10 32 26 1 51 11 34 16 4 17 38 46 17 7 9 42 9 4 3 11 43 49 18 50 15 16 15 35 40 42 41 45 25 14 37 28 15 6 49 