1 0 0 0 0 0 0 0 0 0 0 0 0 0 0 0 0 0 0 0 0 0 0 0 0 27 19 22 7 19 5 25 7 4 29 22 19 24 29 22 19 26 12 9 30 8 18 30 20 30 19 24 8 13 21 12 4 16 29 18 
0 1 0 0 0 0 0 0 0 0 0 0 0 0 0 0 0 0 0 0 0 0 0 0 0 20 21 4 18 23 8 22 12 1 15 25 11 20 5 28 22 12 1 14 21 28 4 13 10 19 10 9 15 15 2 11 16 18 25 11 
0 0 1 0 0 0 0 0 0 0 0 0 0 0 0 0 0 0 0 0 0 0 0 0 0 5 7 27 11 25 30 5 16 9 30 3 28 3 29 4 26 19 25 17 11 23 13 7 7 10 23 0 20 10 15 22 13 2 14 1 
0 0 0 1 0 0 0 0 0 0 0 0 0 0 0 0 0 0 0 0 0 0 0 0 0 13 19 10 5 3 10 18 26 16 14 10 13 1 0 1 29 17 4 23 18 23 13 10 17 13 19 3 4 5 11 10 11 16 7 9 
0 0 0 0 1 0 0 0 0 0 0 0 0 0 0 0 0 0 0 0 0 0 0 0 0 26 7 24 16 15 2 13 26 26 23 3 30 8 7 25 18 12 19 5 10 29 26 26 24 21 14 1 9 30 29 2 5 2 23 27 
0 0 0 0 0 1 0 0 0 0 0 0 0 0 0 0 0 0 0 0 0 0 0 0 0 12 28 27 3 30 2 13 2 14 4 5 19 25 6 13 30 11 7 26 18 1 28 21 26 2 20 17 10 30 13 19 7 24 26 22 
0 0 0 0 0 0 1 0 0 0 0 0 0 0 0 0 0 0 0 0 0 0 0 0 0 25 19 27 5 28 15 20 1 30 3 23 17 16 11 18 10 19 24 29 13 26 4 30 25 8 10 21 21 30 28 30 8 25 2 30 
0 0 0 0 0 0 0 1 0 0 0 0 0 0 0 0 0 0 0 0 0 0 0 0 0 26 7 12 4 7 21 21 30 11 21 8 8 29 9 19 21 27 19 20 29 10 28 26 30 20 16 10 10 24 27 25 30 6 26 23 
0 0 0 0 0 0 0 0 1 0 0 0 0 0 0 0 0 0 0 0 0 0 0 0 0 9 9 2 7 19 17 20 26 6 28 3 22 22 29 3 15 2 9 14 18 29 21 28 23 18 10 18 8 13 15 27 15 24 8 25 
0 0 0 0 0 0 0 0 0 1 0 0 0 0 0 0 0 0 0 0 0 0 0 0 0 3 1 11 5 22 29 20 24 6 10 25 12 11 23 14 25 12 30 14 8 11 19 25 26 30 25 5 2 8 5 8 29 29 20 16 
0 0 0 0 0 0 0 0 0 0 1 0 0 0 0 0 0 0 0 0 0 0 0 0 0 9 20 0 24 8 27 16 28 19 29 14 23 1 6 30 11 20 10 12 28 2 17 28 27 11 27 23 26 6 19 23 19 8 30 21 
0 0 0 0 0 0 0 0 0 0 0 1 0 0 0 0 0 0 0 0 0 0 0 0 0 20 28 8 13 22 17 10 0 12 23 28 20 27 20 1 7 23 7 19 9 10 24 19 13 16 30 22 13 12 2 8 7 5 18 14 
0 0 0 0 0 0 0 0 0 0 0 0 1 0 0 0 0 0 0 0 0 0 0 0 0 29 13 17 11 21 23 30 1 25 13 1 10 19 19 4 4 4 14 6 28 23 23 23 24 8 12 10 20 18 16 26 27 30 1 9 
0 0 0 0 0 0 0 0 0 0 0 0 0 1 0 0 0 0 0 0 0 0 0 0 0 29 5 5 22 11 2 8 23 9 17 12 21 14 21 19 4 29 21 27 9 10 5 16 12 21 4 24 17 11 22 15 12 26 30 22 
0 0 0 0 0 0 0 0 0 0 0 0 0 0 1 0 0 0 0 0 0 0 0 0 0 5 27 12 13 13 23 25 29 25 26 25 9 24 5 7 25 8 24 23 0 17 17 27 24 9 7 22 19 23 2 30 13 2 19 4 
0 0 0 0 0 0 0 0 0 0 0 0 0 0 0 1 0 0 0 0 0 0 0 0 0 8 3 15 27 17 30 10 15 25 22 30 17 10 17 4 7 11 30 20 24 18 5 13 28 27 14 30 30 6 14 2 8 16 19 17 
0 0 0 0 0 0 0 0 0 0 0 0 0 0 0 0 1 0 0 0 0 0 0 0 0 8 19 11 19 19 9 17 16 17 18 25 16 6 4 22 8 0 11 4 29 22 7 22 20 30 12 7 20 17 24 27 11 27 11 25 
0 0 0 0 0 0 0 0 0 0 0 0 0 0 0 0 0 1 0 0 0 0 0 0 0 22 5 28 6 27 3 1 12 25 6 28 2 4 17 13 25 25 4 20 6 25 0 21 7 17 20 12 29 1 13 25 24 22 28 7 
0 0 0 0 0 0 0 0 0 0 0 0 0 0 0 0 0 0 1 0 0 0 0 0 0 24 29 17 16 11 25 4 7 15 19 26 18 18 1 28 3 7 19 15 29 29 20 1 26 19 3 11 5 30 17 24 17 19 9 12 
0 0 0 0 0 0 0 0 0 0 0 0 0 0 0 0 0 0 0 1 0 0 0 0 0 12 16 24 9 27 5 3 11 14 8 27 14 2 14 9 12 14 2 22 0 5 28 0 14 15 0 11 15 26 7 27 26 29 21 13 
0 0 0 0 0 0 0 0 0 0 0 0 0 0 0 0 0 0 0 0 1 0 0 0 0 22 24 1 24 17 16 21 23 12 16 13 9 25 9 27 24 4 7 19 9 1 4 27 20 9 30 12 4 19 21 23 8 9 13 15 
0 0 0 0 0 0 0 0 0 0 0 0 0 0 0 0 0 0 0 0 0 1 0 0 0 23 21 0 11 10 14 22 22 15 29 4 22 30 21 10 11 7 29 0 9 16 6 10 14 20 1 29 25 17 9 10 14 15 22 21 
0 0 0 0 0 0 0 0 0 0 0 0 0 0 0 0 0 0 0 0 0 0 1 0 0 10 11 28 29 8 23 24 6 26 2 24 16 22 22 11 15 30 23 2 30 21 30 10 15 28 19 4 0 20 25 16 12 7 14 8 
0 0 0 0 0 0 0 0 0 0 0 0 0 0 0 0 0 0 0 0 0 0 0 1 0 11 12 29 11 0 17 16 12 26 22 22 23 8 13 26 1 25 26 3 9 6 25 16 22 19 29 22 8 16 20 14 29 4 8 0 
0 0 0 0 0 0 0 0 0 0 0 0 0 0 0 0 0 0 0 0 0 0 0 0 1 28 1 7 23 17 6 24 0 30 30 16 1 26 29 23 8 13 8 21 19 11 30 29 11 13 28 27 11 0 9 8 25 18 24 2 
1 0 0 0 0 0 0 0 0 0 0 0 0 0 0 0 0 0 0 0 0 0 0 0 0 6 11 30 4 15 7 22 27 2 20 18 22 8 3 15 23 5 15 24 15 19 29 10 13 4 8 29 23 19 28 22 30 22 8 21 
0 1 0 0 0 0 0 0 0 0 0 0 0 0 0 0 0 0 0 0 0 0 0 0 0 21 21 0 28 21 3 6 12 0 1 4 0 18 0 27 12 21 24 2 9 21 18 18 30 7 25 6 19 15 0 9 14 25 5 17 
0 0 1 0 0 0 0 0 0 0 0 0 0 0 0 0 0 0 0 0 0 0 0 0 0 17 18 12 21 5 17 0 8 22 23 5 8 8 20 27 26 14 7 15 2 3 13 18 7 1 30 22 26 30 0 17 29 5 0 13 
0 0 0 1 0 0 0 0 0 0 0 0 0 0 0 0 0 0 0 0 0 0 0 0 0 15 9 19 16 5 4 15 24 29 7 15 1 15 22 27 12 13 29 12 22 8 3 28 23 22 23 23 4 0 7 26 24 4 2 7 
0 0 0 0 1 0 0 0 0 0 0 0 0 0 0 0 0 0 0 0 0 0 0 0 0 12 12 16 13 28 21 14 25 16 7 9 13 8 14 10 2 10 18 19 23 13 17 29 25 23 21 13 13 7 12 14 3 6 19 30 
0 0 0 0 0 1 0 0 0 0 0 0 0 0 0 0 0 0 0 0 0 0 0 0 0 1 26 0 7 15 29 25 28 10 23 2 21 15 3 28 28 0 17 27 5 20 7 1 24 25 0 7 4 25 17 26 17 12 1 19 
0 0 0 0 0 0 1 0 0 0 0 0 0 0 0 0 0 0 0 0 0 0 0 0 0 8 14 5 5 10 4 29 1 2 23 7 11 23 15 13 24 14 7 20 15 23 4 4 25 16 8 30 4 28 25 29 2 12 30 13 
0 0 0 0 0 0 0 1 0 0 0 0 0 0 0 0 0 0 0 0 0 0 0 0 0 5 15 12 21 1 18 26 11 5 0 28 13 6 30 26 27 17 8 18 29 6 18 17 6 28 22 4 15 9 24 20 0 23 15 9 
0 0 0 0 0 0 0 0 1 0 0 0 0 0 0 0 0 0 0 0 0 0 0 0 0 3 0 8 11 16 25 20 12 26 2 8 21 25 22 11 30 12 14 4 16 15 1 29 3 0 23 13 18 9 25 21 19 14 4 11 
0 0 0 0 0 0 0 0 0 1 0 0 0 0 0 0 0 0 0 0 0 0 0 0 0 25 2 10 23 22 24 15 0 28 5 7 12 19 15 29 10 18 1 14 11 14 15 1 19 14 20 11 30 22 26 20 25 24 20 15 
0 0 0 0 0 0 0 0 0 0 1 0 0 0 0 0 0 0 0 0 0 0 0 0 0 17 14 21 11 21 21 13 13 13 29 5 11 13 14 8 7 30 8 2 27 7 29 13 8 27 23 27 4 29 22 1 23 24 20 10 
0 0 0 0 0 0 0 0 0 0 0 1 0 0 0 0 0 0 0 0 0 0 0 0 0 20 18 13 17 18 26 26 10 4 18 9 15 27 19 20 24 29 10 11 28 3 12 9 1 2 14 30 11 14 19 9 20 10 9 21 
0 0 0 0 0 0 0 0 0 0 0 0 1 0 0 0 0 0 0 0 0 0 0 0 0 11 11 4 10 8 24 12 6 24 8 3 10 12 20 12 4 2 12 20 15 7 20 10 18 4 4 2 19 9 27 7 7 2 17 13 
0 0 0 0 0 0 0 0 0 0 0 0 0 1 0 0 0 0 0 0 0 0 0 0 0 7 11 16 12 30 1 18 11 10 13 3 21 0 1 0 23 16 9 15 0 14 22 1 25 4 10 30 12 20 4 3 11 6 22 26 
0 0 0 0 0 0 0 0 0 0 0 0 0 0 1 0 0 0 0 0 0 0 0 0 0 15 24 23 6 5 8 24 6 14 25 0 11 17 20 27 27 15 6 16 9 17 12 20 9 16 11 2 1 18 19 12 16 0 17 10 
0 0 0 0 0 0 0 0 0 0 0 0 0 0 0 1 0 0 0 0 0 0 0 0 0 3 28 21 20 21 12 10 14 22 12 20 27 28 21 24 16 21 21 5 15 16 25 20 1 26 11 18 22 10 7 7 4 7 10 13 
0 0 0 0 0 0 0 0 0 0 0 0 0 0 0 0 1 0 0 0 0 0 0 0 0 6 15 6 20 7 27 24 17 3 10 24 2 17 29 6 23 28 17 25 29 13 24 13 6 24 15 19 30 20 2 25 1 2 19 27 
0 0 0 0 0 0 0 0 0 0 0 0 0 0 0 0 0 1 0 0 0 0 0 0 0 28 1 9 8 2 1 12 5 7 17 3 27 8 10 14 12 25 10 19 11 23 3 15 21 17 6 21 17 16 0 24 20 16 27 8 
0 0 0 0 0 0 0 0 0 0 0 0 0 0 0 0 0 0 1 0 0 0 0 0 0 2 24 1 16 14 6 26 23 8 7 29 19 1 7 15 27 20 4 14 0 12 30 15 11 20 18 25 29 26 20 28 0 5 6 22 
0 0 0 0 0 0 0 0 0 0 0 0 0 0 0 0 0 0 0 1 0 0 0 0 0 11 1 10 23 3 11 0 4 11 4 13 28 19 6 4 26 25 29 30 28 8 9 9 13 5 14 13 29 21 23 11 18 29 28 22 
0 0 0 0 0 0 0 0 0 0 0 0 0 0 0 0 0 0 0 0 1 0 0 0 0 9 30 6 26 1 10 4 7 16 8 24 9 17 12 23 19 1 23 10 6 19 2 3 11 24 2 18 18 19 18 16 17 7 25 17 
0 0 0 0 0 0 0 0 0 0 0 0 0 0 0 0 0 0 0 0 0 1 0 0 0 23 1 18 12 9 1 18 29 5 17 21 6 10 2 6 26 0 25 1 18 14 8 10 16 10 10 13 12 19 16 6 30 8 17 25 
0 0 0 0 0 0 0 0 0 0 0 0 0 0 0 0 0 0 0 0 0 0 1 0 0 8 6 25 30 2 4 19 17 30 20 20 0 27 11 6 1 8 1 28 0 16 4 20 21 12 22 26 18 1 10 22 3 28 0 10 
0 0 0 0 0 0 0 0 0 0 0 0 0 0 0 0 0 0 0 0 0 0 0 1 0 6 13 2 1 3 29 10 25 20 5 11 11 26 26 3 25 3 9 18 16 19 19 12 25 22 3 9 10 5 14 5 27 23 22 21 
0 0 0 0 0 0 0 0 0 0 0 0 0 0 0 0 0 0 0 0 0 0 0 0 1 4 26 9 21 5 27 8 25 23 7 18 2 2 23 30 23 7 18 26 18 24 11 24 8 7 27 23 2 17 22 17 28 27 6 26 
18 40 57 53 14 0 3 51 58 10 4 56 59 46 31 42 38 21 2 33 16 45 49 30 7 50 12 44 5 23 13 39 19 25 37 26 20 32 29 35 8 22 43 48 27 34 17 1 55 28 52 36 24 11 41 47 54 15 6 9 